OPENMINDEDNESS_Z: 0.711139
CONSCIENTIOUSNESS_Z: 0.679305
EXTRAVERSION_Z: 0.786767
AGREEABLENESS_Z: 0.592231
NEGATIVEEMOTIONALITY_Z: 1.059596
MEAN: 0.765807
